2024-07-11 10:30:14.458309 Written ==  Read: [23, 187, 187, 117, 23, 187, 187, 117, 23, 187, 187, 117, 23, 187, 187, 117, 23, 187, 187, 117, 23, 187, 187, 117, 255, 228, 64, 255, 228, 64, 249, 23]
2024-07-11 10:30:21.254364 Written ==  Read: [23, 187, 187, 117, 23, 187, 187, 117, 23, 187, 187, 117, 23, 187, 187, 117, 23, 187, 187, 117, 23, 187, 187, 117, 255, 228, 64, 255, 228, 64, 249, 23]
2024-07-11 10:30:28.127279 Written ==  Read: [23, 187, 187, 117, 23, 187, 187, 117, 23, 187, 187, 117, 23, 187, 187, 117, 23, 187, 187, 117, 23, 187, 187, 117, 255, 228, 64, 255, 228, 64, 249, 23]
2024-07-11 10:30:35.034470 Written ==  Read: [23, 187, 187, 117, 23, 187, 187, 117, 23, 187, 187, 117, 23, 187, 187, 117, 23, 187, 187, 117, 23, 187, 187, 117, 255, 228, 64, 255, 228, 64, 249, 23]
2024-07-11 10:30:42.153523 Written ==  Read: [23, 187, 187, 117, 23, 187, 187, 117, 23, 187, 187, 117, 23, 187, 187, 117, 23, 187, 187, 117, 23, 187, 187, 117, 255, 228, 64, 255, 228, 64, 249, 23]
2024-07-11 10:30:49.166904 Written ==  Read: [23, 187, 187, 117, 23, 187, 187, 117, 23, 187, 187, 117, 23, 187, 187, 117, 23, 187, 187, 117, 23, 187, 187, 117, 255, 228, 64, 255, 228, 64, 249, 23]
2024-07-11 10:30:56.294570 Written ==  Read: [23, 187, 187, 117, 23, 187, 187, 117, 23, 187, 187, 117, 23, 187, 187, 117, 23, 187, 187, 117, 23, 187, 187, 117, 255, 228, 64, 255, 228, 64, 249, 23]
2024-07-11 10:31:03.794213 Written ==  Read: [23, 187, 187, 117, 23, 187, 187, 117, 23, 187, 187, 117, 23, 187, 187, 117, 23, 187, 187, 117, 23, 187, 187, 117, 255, 228, 64, 255, 228, 64, 249, 23]
2024-07-11 10:31:10.925457 Written ==  Read: [23, 187, 187, 117, 23, 187, 187, 117, 23, 187, 187, 117, 23, 187, 187, 117, 23, 187, 187, 117, 23, 187, 187, 117, 255, 228, 64, 255, 228, 64, 249, 23]
2024-07-11 10:31:18.140402 Written ==  Read: [23, 187, 187, 117, 23, 187, 187, 117, 23, 187, 187, 117, 23, 187, 187, 117, 23, 187, 187, 117, 23, 187, 187, 117, 255, 228, 64, 255, 228, 64, 249, 23]
2024-07-11 10:31:25.381958 Written ==  Read: [23, 187, 187, 117, 23, 187, 187, 117, 23, 187, 187, 117, 23, 187, 187, 117, 23, 187, 187, 117, 23, 187, 187, 117, 255, 228, 64, 255, 228, 64, 249, 23]
2024-07-11 10:31:32.541798 Written ==  Read: [23, 187, 187, 117, 23, 187, 187, 117, 23, 187, 187, 117, 23, 187, 187, 117, 23, 187, 187, 117, 23, 187, 187, 117, 255, 228, 64, 255, 228, 64, 249, 23]
2024-07-11 10:31:39.883094 Written ==  Read: [23, 187, 187, 117, 23, 187, 187, 117, 23, 187, 187, 117, 23, 187, 187, 117, 23, 187, 187, 117, 23, 187, 187, 117, 255, 228, 64, 255, 228, 64, 249, 23]
2024-07-11 10:31:47.187029 Written ==  Read: [23, 187, 187, 117, 23, 187, 187, 117, 23, 187, 187, 117, 23, 187, 187, 117, 23, 187, 187, 117, 23, 187, 187, 117, 255, 228, 64, 255, 228, 64, 249, 23]
2024-07-11 10:31:54.465463 Written ==  Read: [23, 187, 187, 117, 23, 187, 187, 117, 23, 187, 187, 117, 23, 187, 187, 117, 23, 187, 187, 117, 23, 187, 187, 117, 255, 228, 64, 255, 228, 64, 249, 23]
2024-07-11 10:32:01.594394 Written ==  Read: [23, 187, 187, 117, 23, 187, 187, 117, 23, 187, 187, 117, 23, 187, 187, 117, 23, 187, 187, 117, 23, 187, 187, 117, 255, 228, 64, 255, 228, 64, 249, 23]
2024-07-11 10:32:09.006075 Written ==  Read: [23, 187, 187, 117, 23, 187, 187, 117, 23, 187, 187, 117, 23, 187, 187, 117, 23, 187, 187, 117, 23, 187, 187, 117, 255, 228, 64, 255, 228, 64, 249, 23]
2024-07-11 10:32:16.459748 Written ==  Read: [23, 187, 187, 117, 23, 187, 187, 117, 23, 187, 187, 117, 23, 187, 187, 117, 23, 187, 187, 117, 23, 187, 187, 117, 255, 228, 64, 255, 228, 64, 249, 23]
2024-07-11 10:32:23.860754 Written ==  Read: [23, 187, 187, 117, 23, 187, 187, 117, 23, 187, 187, 117, 23, 187, 187, 117, 23, 187, 187, 117, 23, 187, 187, 117, 255, 228, 64, 255, 228, 64, 249, 23]
2024-07-11 10:32:30.990804 Written ==  Read: [23, 187, 187, 117, 23, 187, 187, 117, 23, 187, 187, 117, 23, 187, 187, 117, 23, 187, 187, 117, 23, 187, 187, 117, 255, 228, 64, 255, 228, 64, 249, 23]
2024-07-11 10:32:38.351125 Written ==  Read: [23, 187, 187, 117, 23, 187, 187, 117, 23, 187, 187, 117, 23, 187, 187, 117, 23, 187, 187, 117, 23, 187, 187, 117, 255, 228, 64, 255, 228, 64, 249, 23]
2024-07-11 10:32:45.591871 Written ==  Read: [23, 187, 187, 117, 23, 187, 187, 117, 23, 187, 187, 117, 23, 187, 187, 117, 23, 187, 187, 117, 23, 187, 187, 117, 255, 228, 64, 255, 228, 64, 249, 23]
2024-07-11 10:32:52.792034 Written ==  Read: [23, 187, 187, 117, 23, 187, 187, 117, 23, 187, 187, 117, 23, 187, 187, 117, 23, 187, 187, 117, 23, 187, 187, 117, 255, 228, 64, 255, 228, 64, 249, 23]
2024-07-11 10:33:00.130243 Written ==  Read: [23, 187, 187, 117, 23, 187, 187, 117, 23, 187, 187, 117, 23, 187, 187, 117, 23, 187, 187, 117, 23, 187, 187, 117, 255, 228, 64, 255, 228, 64, 249, 23]
2024-07-11 10:33:07.360567 Written ==  Read: [23, 187, 187, 117, 23, 187, 187, 117, 23, 187, 187, 117, 23, 187, 187, 117, 23, 187, 187, 117, 23, 187, 187, 117, 255, 228, 64, 255, 228, 64, 249, 23]
