2024-07-11 10:18:10.222250 Written ==  Read: [23, 187, 187, 117, 23, 187, 187, 117, 23, 187, 187, 117, 23, 187, 187, 117, 23, 187, 187, 117, 23, 187, 187, 117, 255, 228, 64, 255, 228, 64, 249, 23]
2024-07-11 10:18:17.451268 Written ==  Read: [23, 187, 187, 117, 23, 187, 187, 117, 23, 187, 187, 117, 23, 187, 187, 117, 23, 187, 187, 117, 23, 187, 187, 117, 255, 228, 64, 255, 228, 64, 249, 23]
2024-07-11 10:18:24.717148 Written ==  Read: [23, 187, 187, 117, 23, 187, 187, 117, 23, 187, 187, 117, 23, 187, 187, 117, 23, 187, 187, 117, 23, 187, 187, 117, 255, 228, 64, 255, 228, 64, 249, 23]
2024-07-11 10:18:31.993997 Written ==  Read: [23, 187, 187, 117, 23, 187, 187, 117, 23, 187, 187, 117, 23, 187, 187, 117, 23, 187, 187, 117, 23, 187, 187, 117, 255, 228, 64, 255, 228, 64, 249, 23]
2024-07-11 10:18:39.430758 Written ==  Read: [23, 187, 187, 117, 23, 187, 187, 117, 23, 187, 187, 117, 23, 187, 187, 117, 23, 187, 187, 117, 23, 187, 187, 117, 255, 228, 64, 255, 228, 64, 249, 23]
2024-07-11 10:18:46.770422 Written ==  Read: [23, 187, 187, 117, 23, 187, 187, 117, 23, 187, 187, 117, 23, 187, 187, 117, 23, 187, 187, 117, 23, 187, 187, 117, 255, 228, 64, 255, 228, 64, 249, 23]
2024-07-11 10:18:54.100586 Written ==  Read: [23, 187, 187, 117, 23, 187, 187, 117, 23, 187, 187, 117, 23, 187, 187, 117, 23, 187, 187, 117, 23, 187, 187, 117, 255, 228, 64, 255, 228, 64, 249, 23]
2024-07-11 10:19:01.477942 Written ==  Read: [23, 187, 187, 117, 23, 187, 187, 117, 23, 187, 187, 117, 23, 187, 187, 117, 23, 187, 187, 117, 23, 187, 187, 117, 255, 228, 64, 255, 228, 64, 249, 23]
2024-07-11 10:19:08.931743 Written ==  Read: [23, 187, 187, 117, 23, 187, 187, 117, 23, 187, 187, 117, 23, 187, 187, 117, 23, 187, 187, 117, 23, 187, 187, 117, 255, 228, 64, 255, 228, 64, 249, 23]
2024-07-11 10:19:17.191964 Written ==  Read: [23, 187, 187, 117, 23, 187, 187, 117, 23, 187, 187, 117, 23, 187, 187, 117, 23, 187, 187, 117, 23, 187, 187, 117, 255, 228, 64, 255, 228, 64, 249, 23]
2024-07-11 10:19:24.868039 Written ==  Read: [23, 187, 187, 117, 23, 187, 187, 117, 23, 187, 187, 117, 23, 187, 187, 117, 23, 187, 187, 117, 23, 187, 187, 117, 255, 228, 64, 255, 228, 64, 249, 23]
2024-07-11 10:19:32.291100 Written ==  Read: [23, 187, 187, 117, 23, 187, 187, 117, 23, 187, 187, 117, 23, 187, 187, 117, 23, 187, 187, 117, 23, 187, 187, 117, 255, 228, 64, 255, 228, 64, 249, 23]
2024-07-11 10:19:39.728542 Written ==  Read: [23, 187, 187, 117, 23, 187, 187, 117, 23, 187, 187, 117, 23, 187, 187, 117, 23, 187, 187, 117, 23, 187, 187, 117, 255, 228, 64, 255, 228, 64, 249, 23]
2024-07-11 10:19:47.269843 Written ==  Read: [23, 187, 187, 117, 23, 187, 187, 117, 23, 187, 187, 117, 23, 187, 187, 117, 23, 187, 187, 117, 23, 187, 187, 117, 255, 228, 64, 255, 228, 64, 249, 23]
