2024-07-11 10:30:31.168314 Written ==  Read: [23, 187, 187, 117, 23, 187, 187, 117, 23, 187, 187, 117, 23, 187, 187, 117, 23, 187, 187, 117, 23, 187, 187, 117, 255, 228, 64, 255, 228, 64, 249, 23]
2024-07-11 10:30:37.999599 Written ==  Read: [23, 187, 187, 117, 23, 187, 187, 117, 23, 187, 187, 117, 23, 187, 187, 117, 23, 187, 187, 117, 23, 187, 187, 117, 255, 228, 64, 255, 228, 64, 249, 23]
2024-07-11 10:30:45.053818 Written ==  Read: [23, 187, 187, 117, 23, 187, 187, 117, 23, 187, 187, 117, 23, 187, 187, 117, 23, 187, 187, 117, 23, 187, 187, 117, 255, 228, 64, 255, 228, 64, 249, 23]
2024-07-11 10:31:49.625396 Written ==  Read: [23, 187, 187, 117, 23, 187, 187, 117, 23, 187, 187, 117, 23, 187, 187, 117, 23, 187, 187, 117, 23, 187, 187, 117, 255, 228, 64, 255, 228, 64, 249, 23]
2024-07-11 10:32:32.605954 Written ==  Read: [23, 187, 187, 117, 23, 187, 187, 117, 23, 187, 187, 117, 23, 187, 187, 117, 23, 187, 187, 117, 23, 187, 187, 117, 255, 228, 64, 255, 228, 64, 249, 23]
2024-07-11 10:32:39.962922 Written ==  Read: [23, 187, 187, 117, 23, 187, 187, 117, 23, 187, 187, 117, 23, 187, 187, 117, 23, 187, 187, 117, 23, 187, 187, 117, 255, 228, 64, 255, 228, 64, 249, 23]
2024-07-11 10:32:47.105595 Written ==  Read: [23, 187, 187, 117, 23, 187, 187, 117, 23, 187, 187, 117, 23, 187, 187, 117, 23, 187, 187, 117, 23, 187, 187, 117, 255, 228, 64, 255, 228, 64, 249, 23]
2024-07-11 10:32:54.309436 Written ==  Read: [23, 187, 187, 117, 23, 187, 187, 117, 23, 187, 187, 117, 23, 187, 187, 117, 23, 187, 187, 117, 23, 187, 187, 117, 255, 228, 64, 255, 228, 64, 249, 23]
2024-07-11 10:33:01.499529 Written ==  Read: [23, 187, 187, 117, 23, 187, 187, 117, 23, 187, 187, 117, 23, 187, 187, 117, 23, 187, 187, 117, 23, 187, 187, 117, 255, 228, 64, 255, 228, 64, 249, 23]
2024-07-11 10:33:08.732407 Written ==  Read: [23, 187, 187, 117, 23, 187, 187, 117, 23, 187, 187, 117, 23, 187, 187, 117, 23, 187, 187, 117, 23, 187, 187, 117, 255, 228, 64, 255, 228, 64, 249, 23]
2024-07-11 10:33:15.965908 Written ==  Read: [23, 187, 187, 117, 23, 187, 187, 117, 23, 187, 187, 117, 23, 187, 187, 117, 23, 187, 187, 117, 23, 187, 187, 117, 255, 228, 64, 255, 228, 64, 249, 23]
2024-07-11 10:33:23.168491 Written ==  Read: [23, 187, 187, 117, 23, 187, 187, 117, 23, 187, 187, 117, 23, 187, 187, 117, 23, 187, 187, 117, 23, 187, 187, 117, 255, 228, 64, 255, 228, 64, 249, 23]
2024-07-11 10:33:30.288744 Written ==  Read: [23, 187, 187, 117, 23, 187, 187, 117, 23, 187, 187, 117, 23, 187, 187, 117, 23, 187, 187, 117, 23, 187, 187, 117, 255, 228, 64, 255, 228, 64, 249, 23]
2024-07-11 10:34:33.215166 Written ==  Read: [23, 187, 187, 117, 23, 187, 187, 117, 23, 187, 187, 117, 23, 187, 187, 117, 23, 187, 187, 117, 23, 187, 187, 117, 255, 228, 64, 255, 228, 64, 249, 23]
2024-07-11 10:35:19.471676 Written ==  Read: [23, 187, 187, 117, 23, 187, 187, 117, 23, 187, 187, 117, 23, 187, 187, 117, 23, 187, 187, 117, 23, 187, 187, 117, 255, 228, 64, 255, 228, 64, 249, 23]
2024-07-11 10:35:26.224679 Written ==  Read: [23, 187, 187, 117, 23, 187, 187, 117, 23, 187, 187, 117, 23, 187, 187, 117, 23, 187, 187, 117, 23, 187, 187, 117, 255, 228, 64, 255, 228, 64, 249, 23]
2024-07-11 10:36:00.197817 Written ==  Read: [23, 187, 187, 117, 23, 187, 187, 117, 23, 187, 187, 117, 23, 187, 187, 117, 23, 187, 187, 117, 23, 187, 187, 117, 255, 228, 64, 255, 228, 64, 249, 23]
2024-07-11 10:36:07.124895 Written ==  Read: [23, 187, 187, 117, 23, 187, 187, 117, 23, 187, 187, 117, 23, 187, 187, 117, 23, 187, 187, 117, 23, 187, 187, 117, 255, 228, 64, 255, 228, 64, 249, 23]
2024-07-11 10:36:14.055967 Written ==  Read: [23, 187, 187, 117, 23, 187, 187, 117, 23, 187, 187, 117, 23, 187, 187, 117, 23, 187, 187, 117, 23, 187, 187, 117, 255, 228, 64, 255, 228, 64, 249, 23]
2024-07-11 10:36:20.965452 Written ==  Read: [23, 187, 187, 117, 23, 187, 187, 117, 23, 187, 187, 117, 23, 187, 187, 117, 23, 187, 187, 117, 23, 187, 187, 117, 255, 228, 64, 255, 228, 64, 249, 23]
2024-07-11 10:36:56.104251 Written ==  Read: [23, 187, 187, 117, 23, 187, 187, 117, 23, 187, 187, 117, 23, 187, 187, 117, 23, 187, 187, 117, 23, 187, 187, 117, 255, 228, 64, 255, 228, 64, 249, 23]
2024-07-11 10:37:03.088828 Written ==  Read: [23, 187, 187, 117, 23, 187, 187, 117, 23, 187, 187, 117, 23, 187, 187, 117, 23, 187, 187, 117, 23, 187, 187, 117, 255, 228, 64, 255, 228, 64, 249, 23]
2024-07-11 10:37:09.950198 Written ==  Read: [23, 187, 187, 117, 23, 187, 187, 117, 23, 187, 187, 117, 23, 187, 187, 117, 23, 187, 187, 117, 23, 187, 187, 117, 255, 228, 64, 255, 228, 64, 249, 23]
2024-07-11 10:37:43.699417 Written ==  Read: [23, 187, 187, 117, 23, 187, 187, 117, 23, 187, 187, 117, 23, 187, 187, 117, 23, 187, 187, 117, 23, 187, 187, 117, 255, 228, 64, 255, 228, 64, 249, 23]
2024-07-11 10:37:50.532867 Written ==  Read: [23, 187, 187, 117, 23, 187, 187, 117, 23, 187, 187, 117, 23, 187, 187, 117, 23, 187, 187, 117, 23, 187, 187, 117, 255, 228, 64, 255, 228, 64, 249, 23]
