2024-07-11 10:30:38.535248 Written ==  Read: [23, 187, 187, 117, 23, 187, 187, 117, 23, 187, 187, 117, 23, 187, 187, 117, 23, 187, 187, 117, 23, 187, 187, 117, 255, 228, 64, 255, 228, 64, 249, 23]
2024-07-11 10:31:15.257797 Written ==  Read: [23, 187, 187, 117, 23, 187, 187, 117, 23, 187, 187, 117, 23, 187, 187, 117, 23, 187, 187, 117, 23, 187, 187, 117, 255, 228, 64, 255, 228, 64, 249, 23]
2024-07-11 10:31:23.310075 Written ==  Read: [23, 187, 187, 117, 23, 187, 187, 117, 23, 187, 187, 117, 23, 187, 187, 117, 23, 187, 187, 117, 23, 187, 187, 117, 255, 228, 64, 255, 228, 64, 249, 23]
2024-07-11 10:31:31.193084 Written ==  Read: [23, 187, 187, 117, 23, 187, 187, 117, 23, 187, 187, 117, 23, 187, 187, 117, 23, 187, 187, 117, 23, 187, 187, 117, 255, 228, 64, 255, 228, 64, 249, 23]
2024-07-11 10:31:39.090925 Written ==  Read: [23, 187, 187, 117, 23, 187, 187, 117, 23, 187, 187, 117, 23, 187, 187, 117, 23, 187, 187, 117, 23, 187, 187, 117, 255, 228, 64, 255, 228, 64, 249, 23]
2024-07-11 10:31:46.996700 Written ==  Read: [23, 187, 187, 117, 23, 187, 187, 117, 23, 187, 187, 117, 23, 187, 187, 117, 23, 187, 187, 117, 23, 187, 187, 117, 255, 228, 64, 255, 228, 64, 249, 23]
2024-07-11 10:31:54.822751 Written ==  Read: [23, 187, 187, 117, 23, 187, 187, 117, 23, 187, 187, 117, 23, 187, 187, 117, 23, 187, 187, 117, 23, 187, 187, 117, 255, 228, 64, 255, 228, 64, 249, 23]
2024-07-11 10:32:02.565201 Written ==  Read: [23, 187, 187, 117, 23, 187, 187, 117, 23, 187, 187, 117, 23, 187, 187, 117, 23, 187, 187, 117, 23, 187, 187, 117, 255, 228, 64, 255, 228, 64, 249, 23]
2024-07-11 10:32:10.472694 Written ==  Read: [23, 187, 187, 117, 23, 187, 187, 117, 23, 187, 187, 117, 23, 187, 187, 117, 23, 187, 187, 117, 23, 187, 187, 117, 255, 228, 64, 255, 228, 64, 249, 23]
2024-07-11 10:32:18.541787 Written ==  Read: [23, 187, 187, 117, 23, 187, 187, 117, 23, 187, 187, 117, 23, 187, 187, 117, 23, 187, 187, 117, 23, 187, 187, 117, 255, 228, 64, 255, 228, 64, 249, 23]
2024-07-11 10:32:26.480291 Written ==  Read: [23, 187, 187, 117, 23, 187, 187, 117, 23, 187, 187, 117, 23, 187, 187, 117, 23, 187, 187, 117, 23, 187, 187, 117, 255, 228, 64, 255, 228, 64, 249, 23]
2024-07-11 10:32:34.330393 Written ==  Read: [23, 187, 187, 117, 23, 187, 187, 117, 23, 187, 187, 117, 23, 187, 187, 117, 23, 187, 187, 117, 23, 187, 187, 117, 255, 228, 64, 255, 228, 64, 249, 23]
2024-07-11 10:32:42.201850 Written ==  Read: [23, 187, 187, 117, 23, 187, 187, 117, 23, 187, 187, 117, 23, 187, 187, 117, 23, 187, 187, 117, 23, 187, 187, 117, 255, 228, 64, 255, 228, 64, 249, 23]
2024-07-11 10:32:49.944289 Written ==  Read: [23, 187, 187, 117, 23, 187, 187, 117, 23, 187, 187, 117, 23, 187, 187, 117, 23, 187, 187, 117, 23, 187, 187, 117, 255, 228, 64, 255, 228, 64, 249, 23]
2024-07-11 10:32:57.779125 Written ==  Read: [23, 187, 187, 117, 23, 187, 187, 117, 23, 187, 187, 117, 23, 187, 187, 117, 23, 187, 187, 117, 23, 187, 187, 117, 255, 228, 64, 255, 228, 64, 249, 23]
2024-07-11 10:33:05.567981 Written ==  Read: [23, 187, 187, 117, 23, 187, 187, 117, 23, 187, 187, 117, 23, 187, 187, 117, 23, 187, 187, 117, 23, 187, 187, 117, 255, 228, 64, 255, 228, 64, 249, 23]
2024-07-11 10:33:13.419586 Written ==  Read: [23, 187, 187, 117, 23, 187, 187, 117, 23, 187, 187, 117, 23, 187, 187, 117, 23, 187, 187, 117, 23, 187, 187, 117, 255, 228, 64, 255, 228, 64, 249, 23]
2024-07-11 10:33:21.268947 Written ==  Read: [23, 187, 187, 117, 23, 187, 187, 117, 23, 187, 187, 117, 23, 187, 187, 117, 23, 187, 187, 117, 23, 187, 187, 117, 255, 228, 64, 255, 228, 64, 249, 23]
2024-07-11 10:33:29.026901 Written ==  Read: [23, 187, 187, 117, 23, 187, 187, 117, 23, 187, 187, 117, 23, 187, 187, 117, 23, 187, 187, 117, 23, 187, 187, 117, 255, 228, 64, 255, 228, 64, 249, 23]
2024-07-11 10:33:36.676824 Written ==  Read: [23, 187, 187, 117, 23, 187, 187, 117, 23, 187, 187, 117, 23, 187, 187, 117, 23, 187, 187, 117, 23, 187, 187, 117, 255, 228, 64, 255, 228, 64, 249, 23]
2024-07-11 10:33:44.424747 Written ==  Read: [23, 187, 187, 117, 23, 187, 187, 117, 23, 187, 187, 117, 23, 187, 187, 117, 23, 187, 187, 117, 23, 187, 187, 117, 255, 228, 64, 255, 228, 64, 249, 23]
2024-07-11 10:33:52.060488 Written ==  Read: [23, 187, 187, 117, 23, 187, 187, 117, 23, 187, 187, 117, 23, 187, 187, 117, 23, 187, 187, 117, 23, 187, 187, 117, 255, 228, 64, 255, 228, 64, 249, 23]
2024-07-11 10:33:59.817488 Written ==  Read: [23, 187, 187, 117, 23, 187, 187, 117, 23, 187, 187, 117, 23, 187, 187, 117, 23, 187, 187, 117, 23, 187, 187, 117, 255, 228, 64, 255, 228, 64, 249, 23]
2024-07-11 10:34:07.390938 Written ==  Read: [23, 187, 187, 117, 23, 187, 187, 117, 23, 187, 187, 117, 23, 187, 187, 117, 23, 187, 187, 117, 23, 187, 187, 117, 255, 228, 64, 255, 228, 64, 249, 23]
2024-07-11 10:34:14.870572 Written ==  Read: [23, 187, 187, 117, 23, 187, 187, 117, 23, 187, 187, 117, 23, 187, 187, 117, 23, 187, 187, 117, 23, 187, 187, 117, 255, 228, 64, 255, 228, 64, 249, 23]
