2024-07-11 10:18:28.334909 1 2 5 0 4315635577 3487812078 3487812076 2 1473854375
2024-07-11 10:18:29.115539 1 2 6 0 4315636842 1835218740 1835235124 16384 3272489559
2024-07-11 10:18:33.041389 1 2 7 0 4315636900 4225908929 4225777857 131072 2294151642
2024-07-11 10:18:33.061097 1 2 8 0 4315637170 758635158 758643350 8192 3472953803
2024-07-11 10:18:33.100379 1 2 9 0 4315637171 877170914 877174754 3840 2393467574
2024-07-11 10:18:34.654712 1 2 13 0 4315637173 2988862632 2955308200 33554432 3580362500
2024-07-11 10:18:35.925429 1 2 14 0 4315637275 2584037587 436553939 2147483648 410200367
2024-07-11 10:18:35.988980 1 2 15 0 4315637351 547134111 10263199 536870912 2835836277
2024-07-11 10:18:36.519558 1 2 16 0 4315637355 3874482485 3840928053 33554432 1922496331
2024-07-11 10:18:38.369720 1 2 17 0 4315637386 1506063037 1506062525 512 4166255659
2024-07-11 10:18:40.748735 1 2 18 0 4315637502 1983499727 1982975439 524288 1477970448
2024-07-11 10:18:40.942856 1 2 19 0 4315637669 1412598205 1412467133 131072 286666337
2024-07-11 10:18:40.962563 1 2 20 0 4315637683 3609968039 3609964551 3488 3442342566
2024-07-11 10:18:42.774140 1 2 25 0 4315637684 1994876169 1994876161 8 4175432080
2024-07-11 10:18:43.071173 1 2 26 0 4315637800 1786889609 1753335177 33554432 3504944234
2024-07-11 10:18:44.422742 1 2 27 0 4315637819 4181731080 4181786376 55296 689212784
2024-07-11 10:18:44.830166 1 2 31 0 4315637904 3872635166 3872635164 2 1635687192
2024-07-11 10:18:45.087736 1 2 32 0 4315637929 607606960 70736048 536870912 1667031378
2024-07-11 10:18:45.267066 1 2 33 0 4315637943 3368564184 3368564160 24 6308971
2024-07-11 10:18:45.308723 1 2 35 0 4315637952 2147626458 142810 2147483648 3602816621
2024-07-11 10:18:45.880273 1 2 36 0 4315637954 276859227 276826459 32768 3928211277
2024-07-11 10:18:46.005347 1 2 37 0 4315637987 1719381844 1182515028 536875008 1791480086
2024-07-11 10:18:46.079910 1 2 39 0 4315637996 4240296471 4240295959 512 1050477101
2024-07-11 10:18:46.193629 1 2 40 0 4315638000 2522947612 2522939420 8192 2339271059
2024-07-11 10:18:46.470054 1 2 41 0 4315638006 3902867612 3902867484 128 953345473
2024-07-11 10:18:46.510352 1 2 42 0 4315638022 2835811214 2835811086 128 948245434
2024-07-11 10:18:46.664316 1 2 43 0 4315638025 3819630250 3819622050 8200 2265149550
2024-07-11 10:18:47.059935 1 2 45 0 4315638036 1740814681 1740781913 32768 1891525861
2024-07-11 10:18:47.461673 1 2 46 0 4315638060 1857702703 1857571631 131072 1913861876
2024-07-11 10:18:47.545827 1 2 47 0 4315638084 4008907320 4008907312 8 1916836993
2024-07-11 10:18:48.909387 1 2 48 0 4315638089 4144325141 4144324629 512 1371001180
2024-07-11 10:18:48.936179 1 2 49 0 4315638170 2308027621 2307994853 32768 3142941364
2024-07-11 10:18:50.188762 1 4 187876 0 6459548073 96874927 633745839 536870912 4263873289
2024-07-11 10:19:11.194821 1 5 187877 0 7533289897 2077033926 1540163014 536870912 964221610
2024-07-11 10:19:36.352120 1 6 187878 0 8607031721 1388280781 1925151693 536870912 2096150718
