2024-07-11 10:18:20.014936 6 2 50 0 4315636082 2517650547 2517658739 8192 3606672465
2024-07-11 10:18:20.446565 6 2 51 0 4315636141 664794121 664794153 32 3836199360
2024-07-11 10:18:21.488061 6 2 52 0 4315636175 297041083 297041595 512 2566972174
2024-07-11 10:18:21.733096 6 2 53 0 4315636260 4071974104 4206191832 134217728 3992382259
2024-07-11 10:18:22.031651 6 2 54 0 4315636284 2593230979 2593230987 8 975758353
2024-07-11 10:18:23.178493 6 2 55 0 4315636313 3633728821 3633726773 2048 2921199386
2024-07-11 10:18:23.199053 6 2 56 0 4315636406 2855548682 2863937290 8388608 627888025
2024-07-11 10:18:23.502044 6 2 57 0 4315636407 2411288821 2411289333 512 3140585337
2024-07-11 10:18:23.614802 6 2 58 0 4315636430 1934864975 1934867023 2048 2310820824
2024-07-11 10:18:23.686630 6 2 59 0 4315636440 552993757 2700477405 2147483648 31152152
2024-07-11 10:18:23.819968 6 2 60 0 4315636446 1034210418 1034218610 8192 3052298477
2024-07-11 10:18:23.839837 6 2 61 0 4315636456 2060342786 2060342794 8 3321111288
2024-07-11 10:18:24.024551 6 2 62 0 4315636457 2865483361 2867580513 2097152 1615632833
2024-07-11 10:18:24.243912 6 2 63 0 4315636471 4241059784 4241059816 32 3173145989
2024-07-11 10:18:24.354016 6 2 64 0 4315636489 246631931 2394115579 2147483648 208270421
2024-07-11 10:18:24.695914 6 2 65 0 4315636498 2458243745 2592461473 134217728 3747873059
2024-07-11 10:18:24.802748 6 2 66 0 4315636532 2830313102 2830345870 32768 4051187297
2024-07-11 10:18:25.011269 6 2 67 0 4315636541 1084925988 1084925956 32 1165157788
2024-07-11 10:18:25.156139 6 2 68 0 4315636558 3901916165 3935470597 33554432 1683775930
2024-07-11 10:18:25.284481 6 2 69 0 4315636571 2165314216 2165316264 2048 3707016714
2024-07-11 10:18:25.317191 6 2 70 0 4315636583 2161203102 2194757534 33554432 3058225011
2024-07-11 10:18:25.370442 6 2 71 0 4315636585 380929200 381060272 131072 2142747121
2024-07-11 10:18:25.441774 6 2 72 0 4315636590 504081040 506178192 2097152 687046565
2024-07-11 10:18:25.454686 6 2 73 0 4315636596 3305007244 3305007276 32 1605129851
2024-07-11 10:18:25.580386 6 2 74 0 4315636597 2385564366 2385566414 2048 1481349671
2024-07-11 10:18:25.607098 6 2 75 0 4315636609 2890031420 2892128572 2097152 3612042824
2024-07-11 10:18:25.626442 6 2 76 0 4315636611 3871136302 3871136430 128 4163180234
2024-07-11 10:18:25.724936 6 2 77 0 4315636612 2905972917 2905973429 512 3419324533
2024-07-11 10:18:25.771107 6 2 78 0 4315636623 2927372565 2927405333 32768 629045323
2024-07-11 10:18:25.924133 6 2 79 0 4315636627 1828482285 1828613357 131072 2068810026
2024-07-11 10:18:25.938273 6 2 80 0 4315636641 3232537820 3769408732 536870912 763399151
2024-07-11 10:18:26.077525 6 2 81 0 4315636642 3697051555 3697182627 131072 1724738218
2024-07-11 10:18:26.152997 6 2 82 0 4315636657 3561507591 3561532167 57344 2260480906
2024-07-11 10:18:26.166330 6 2 85 0 4315636665 3837061496 3870615928 33554432 399106298
2024-07-11 10:18:26.366079 6 2 86 0 4315636666 1276197419 2886810155 3758096384 4177490804
2024-07-11 10:18:26.438981 6 2 89 0 4315636685 221236802 229625410 8388608 3865296272
2024-07-11 10:18:26.532283 6 2 90 0 4315636691 2878270339 2878270347 8 3581208471
2024-07-11 10:18:26.552264 6 2 91 0 4315636698 683659524 683659556 32 3970079436
2024-07-11 10:18:26.608038 6 2 92 0 4315636699 919868818 919901586 32768 3530045190
2024-07-11 10:18:26.647669 6 2 93 0 4315636704 3237047486 3237047998 512 106399401
2024-07-11 10:18:26.674287 6 2 94 0 4315636707 2284953477 2293342085 8388608 451902435
2024-07-11 10:18:26.721817 6 2 95 0 4315636709 2558809726 2550421118 8388608 3740214676
2024-07-11 10:18:26.827838 6 2 96 0 4315636712 3099021816 3132576248 33554432 3849561802
2024-07-11 10:18:26.866852 6 2 97 0 4315636721 577942514 2725426162 2147483648 3999930205
2024-07-11 10:18:26.919829 6 2 98 0 4315636724 2478080707 2478082763 2056 2009481836
2024-07-11 10:18:27.693733 6 2 100 0 4315636728 3497450392 3497450394 2 2002446132
2024-07-11 10:18:27.788907 6 2 101 0 4315636794 277433362 276909074 524288 2253934357
2024-07-11 10:18:27.899107 6 2 102 0 4315636801 48615122 2196098770 2147483648 2276014661
2024-07-11 10:18:27.938706 6 2 103 0 4315636809 3311296074 3311296106 32 2935830179
2024-07-11 10:18:28.053567 6 2 104 0 4315636812 4081076346 4215294074 134217728 476615865
2024-07-11 10:18:28.120607 6 2 105 0 4315636820 1818714354 1818714866 512 2645268747
2024-07-11 10:18:28.260845 6 2 106 0 4315636825 2052263058 2052263570 512 3095167779
2024-07-11 10:18:28.458757 6 2 107 0 4315636835 805785478 805793670 8192 2561500003
2024-07-11 10:18:28.624730 6 2 108 0 4315636851 604693673 604694185 512 1558870422
2024-07-11 10:18:28.716828 6 2 109 0 4315636863 3639931662 3673486094 33554432 568518767
2024-07-11 10:18:28.769307 6 2 110 0 4315636870 3599425381 3601522533 2097152 2272210376
2024-07-11 10:18:28.989383 6 2 111 0 4315636874 2402057084 2402057086 2 3305399062
2024-07-11 10:18:29.009667 6 2 112 0 4315636891 2166490396 2166490398 2 720514240
2024-07-11 10:18:29.142475 6 2 113 0 4315636892 948118239 948120287 2048 247087341
2024-07-11 10:18:29.225749 6 2 114 0 4315636901 1495761462 1495761590 128 2984112641
2024-07-11 10:18:29.245653 6 2 115 0 4315636906 1033876114 1033876122 8 410359080
2024-07-11 10:18:29.292180 6 2 116 0 4315636907 487989856 487991904 2048 330656932
2024-07-11 10:18:29.384720 6 2 117 0 4315636910 565823158 2713306806 2147483648 194432678
2024-07-11 10:18:29.471219 6 2 118 0 4315636917 2536021544 2536021672 128 2610191903
2024-07-11 10:18:29.744466 6 2 119 0 4315636923 3796796332 3931014060 134217728 2816893213
2024-07-11 10:18:29.777651 6 2 120 0 4315636943 1091087711 1091218783 131072 3847745163
2024-07-11 10:18:29.837712 6 2 121 0 4315636945 3926074362 3928171514 2097152 912989417
2024-07-11 10:18:29.883949 6 2 122 0 4315636949 2372065340 2372589628 524288 2993021828
2024-07-11 10:18:29.997330 6 2 123 0 4315636952 277329702 310884134 33554432 2151689586
2024-07-11 10:18:30.322241 6 2 124 0 4315636960 2019239766 2019272534 32768 871390414
2024-07-11 10:18:30.356800 6 2 125 0 4315636984 681757460 2829239060 2147485696 377259111
2024-07-11 10:18:30.417631 6 2 127 0 4315636986 4043313166 4043345934 32768 476389231
2024-07-11 10:18:30.739199 6 2 128 0 4315636990 1981280256 1989668864 8388608 4098463982
2024-07-11 10:18:31.065225 6 2 129 0 4315637015 2939339283 2947727891 8388608 1030630192
2024-07-11 10:18:31.240121 6 2 130 0 4315637038 978605056 3126088704 2147483648 3388892170
2024-07-11 10:18:31.749235 6 2 131 0 4315637052 3431977804 3434074956 2097152 2886742078
2024-07-11 10:18:31.880556 6 2 132 0 4315637084 1926571305 1926604073 32768 1778540197
2024-07-11 10:18:31.900631 6 2 133 0 4315637093 899275695 3046759343 2147483648 1452608634
2024-07-11 10:18:32.115895 6 2 134 0 4315637095 542371632 542896048 524416 1069982938
2024-07-11 10:18:32.189286 6 2 136 0 4315637110 3441197310 3978068222 536870912 3551128527
2024-07-11 10:18:32.242109 6 2 137 0 4315637114 2225145107 2225145235 128 1899248751
2024-07-11 10:18:32.261759 6 2 138 0 4315637117 860667428 827112996 33554432 4285422549
2024-07-11 10:18:32.288263 6 2 139 0 4315637118 445814000 445814512 512 4223984050
2024-07-11 10:18:32.439688 6 2 140 0 4315637119 4242563895 4242566071 2176 246894715
2024-07-11 10:18:32.499022 6 2 142 0 4315637127 1497552843 1500174283 2621440 3971728171
2024-07-11 10:18:32.690426 6 2 144 0 4315637130 1802790112 1802789984 128 1204912549
2024-07-11 10:18:32.802436 6 2 145 0 4315637144 2622578133 2656132565 33554432 2893915847
2024-07-11 10:18:32.894545 6 2 146 0 4315637153 4164938643 4173327251 8388608 964489279
2024-07-11 10:18:33.087339 6 2 147 0 4315637159 3929551527 3929584295 32768 2396235790
2024-07-11 10:18:33.188029 6 2 148 0 4315637172 883974335 917528767 33554432 2448103444
2024-07-11 10:18:33.305027 6 2 149 0 4315637179 2334803191 2334803063 128 727707913
2024-07-11 10:18:33.391951 6 2 150 0 4315637187 967617648 967748720 131072 3344685824
2024-07-11 10:18:33.412635 6 2 151 0 4315637193 1488329001 1521883433 33554432 3160178082
2024-07-11 10:18:33.446876 6 2 152 0 4315637194 1238396166 1775267078 536870912 4183165663
2024-07-11 10:18:33.493217 6 2 153 0 4315637196 2168310572 2168310700 128 3885538691
2024-07-11 10:18:33.722636 6 2 154 0 4315637199 36422512 170640240 134217728 501889649
2024-07-11 10:18:33.768982 6 2 155 0 4315637215 302504244 302504372 128 347857977
2024-07-11 10:18:33.803264 6 2 156 0 4315637218 2450573267 2450704339 131072 3461021860
2024-07-11 10:18:33.883934 6 2 157 0 4315637220 2954240307 2954273075 32768 3734346086
2024-07-11 10:18:33.910870 6 2 158 0 4315637225 1096635426 1096636066 640 2952396036
2024-07-11 10:18:34.223464 6 2 160 0 4315637227 2199259228 2199291996 32768 2956499383
2024-07-11 10:18:34.272234 6 2 161 0 4315637247 403373725 447413917 44040192 3536931493
2024-07-11 10:18:34.295554 6 2 164 0 4315637250 647819769 2795303417 2147483648 1115104256
2024-07-11 10:18:34.315674 6 2 165 0 4315637251 2703734755 2712123371 8388616 3306213586
2024-07-11 10:18:34.409470 6 2 167 0 4315637252 713138319 713138831 512 723885105
2024-07-11 10:18:34.551924 6 2 168 0 4315637258 1107372818 1241590546 134217728 676683278
2024-07-11 10:18:34.758979 6 2 169 0 4315637268 1338360578 1340467970 2107392 78895341
2024-07-11 10:18:35.106159 6 2 172 0 4315637280 1268454870 1805325782 536870912 4275776599
2024-07-11 10:18:35.176215 6 2 173 0 4315637303 3830429596 3830429598 2 1841590504
2024-07-11 10:18:35.250244 6 2 174 0 4315637306 1939122957 2073340685 134217728 784389364
2024-07-11 10:18:35.357541 6 2 175 0 4315637309 2145531090 2145563858 32768 775317943
2024-07-11 10:18:35.458712 6 2 176 0 4315637313 2128239791 2128240303 512 1718673181
2024-07-11 10:18:35.525649 6 2 177 0 4315637319 1849706015 1851803167 2097152 2557245535
2024-07-11 10:18:35.546246 6 2 178 0 4315637323 3247073825 3249170977 2097152 397204548
2024-07-11 10:18:35.616270 6 2 179 0 4315637324 1289589682 1289589690 8 2611676514
2024-07-11 10:18:35.860755 6 2 180 0 4315637329 1230320557 1767191469 536870912 696854710
2024-07-11 10:18:35.894551 6 2 181 0 4315637347 3272139891 3280528499 8388608 2392935146
2024-07-11 10:18:35.952798 6 2 182 0 4315637349 3456184824 3456184826 2 983725695
2024-07-11 10:18:36.107035 6 2 183 0 4315637352 3106128499 3114517107 8388608 554972828
2024-07-11 10:18:36.134583 6 2 184 0 4315637362 1774650697 1774650729 32 1327611317
2024-07-11 10:18:36.204060 6 2 185 0 4315637363 847246064 981463792 134217728 2665829393
2024-07-11 10:18:36.260144 6 2 186 0 4315637367 1970326864 1970326866 2 2317183631
2024-07-11 10:18:36.309687 6 2 187 0 4315637371 3173677477 3182066085 8388608 2380430
2024-07-11 10:18:36.330342 6 2 188 0 4315637374 629449033 629449065 32 2116929445
2024-07-11 10:18:36.395127 6 2 189 0 4315637375 278534832 278534840 8 3003551707
2024-07-11 10:18:36.505294 6 2 190 0 4315637379 2650452273 2650452401 128 3364347014
2024-07-11 10:18:36.533770 6 2 191 0 4315637385 2296338828 2296338860 32 2904269172
2024-07-11 10:18:36.554415 6 2 192 0 4315637386 2900515166 2901039454 524288 1517491308
2024-07-11 10:18:36.603807 6 2 193 0 4315637387 4240378170 4273932602 33554432 4248398858
2024-07-11 10:18:36.722528 6 2 194 0 4315637390 2750712183 2751105399 917504 2245386551
2024-07-11 10:18:36.889412 6 2 197 0 4315637397 3561314826 3596966410 35651584 2021907677
2024-07-11 10:18:36.996446 6 2 199 0 4315637409 1946892653 1948989805 2097152 3424818743
2024-07-11 10:18:37.030580 6 2 200 0 4315637415 2100318496 2100973856 655360 3841709212
2024-07-11 10:18:37.064517 6 2 202 0 4315637417 489759769 489751577 8192 3372651342
2024-07-11 10:18:37.126913 6 2 203 0 4315637419 173111330 709982242 536870912 82369203
2024-07-11 10:18:37.216257 6 2 204 0 4315637424 69758772 69758774 2 1471303452
2024-07-11 10:18:37.310068 6 2 205 0 4315637430 1215023924 1215032244 8320 265199119
2024-07-11 10:18:37.712701 6 2 207 0 4315637435 4195157281 4197254433 2097152 1905942008
2024-07-11 10:18:37.843055 6 2 208 0 4315637463 2170526759 2170527399 640 114704921
2024-07-11 10:18:37.866354 6 2 210 0 4315637471 154888269 691759181 536870912 1507813615
2024-07-11 10:18:37.969421 6 2 211 0 4315637472 604897954 604897952 2 404999724
2024-07-11 10:18:38.117019 6 2 212 0 4315637478 1151191757 1184746189 33554432 815138514
2024-07-11 10:18:38.139519 6 2 213 0 4315637486 1279501312 1816372224 536870912 2637700939
2024-07-11 10:18:38.240384 6 2 214 0 4315637487 585492544 585492546 2 3115881264
2024-07-11 10:18:38.741980 6 2 215 0 4315637493 1288312164 2898924900 3758096384 2748246767
2024-07-11 10:18:38.821833 6 2 218 0 4315637528 3354932577 3354965345 32768 2387067881
2024-07-11 10:18:38.856222 6 2 219 0 4315637533 630535709 630568477 32768 3852267927
2024-07-11 10:18:38.883172 6 2 220 0 4315637535 2789267633 2789267625 24 943333643
2024-07-11 10:18:38.903486 6 2 222 0 4315637537 976647924 3124131574 2147483650 213371458
2024-07-11 10:18:39.026708 6 2 224 0 4315637538 3468188693 4005059605 536870912 3120069032
2024-07-11 10:18:39.075581 6 2 225 0 4315637547 1631262962 1639684850 8421888 997121017
2024-07-11 10:18:39.123297 6 2 228 0 4315637550 838140224 703922496 402653184 2275528890
2024-07-11 10:18:39.258607 6 2 230 0 4315637553 128094717 128619005 524288 628148822
2024-07-11 10:18:39.483000 6 2 231 0 4315637562 1316793743 1316924815 131072 11373557
2024-07-11 10:18:39.606635 6 2 232 0 4315637579 225176898 225176906 8 2755018846
2024-07-11 10:18:39.964749 6 2 233 0 4315637587 2741904280 2741937048 32768 3968163256
2024-07-11 10:18:40.604763 6 2 234 0 4315637612 2072801881 2072803929 2048 2783162683
2024-07-11 10:18:40.645162 6 2 235 0 4315637660 3217710117 3219807269 2097152 1220758078
2024-07-11 10:18:40.702054 6 2 236 0 4315637663 5405567 5929855 524288 1776518168
2024-07-11 10:18:40.735471 6 2 237 0 4315637666 2223712920 2257267352 33554432 685583208
2024-07-11 10:18:40.916107 6 2 238 0 4315637668 2225488268 2225488270 2 3045711036
2024-07-11 10:18:41.035318 6 2 239 0 4315637681 2962567153 3130339313 167772160 1194221414
2024-07-11 10:18:41.055636 6 2 241 0 4315637688 1105002587 1105004635 2048 2271592901
2024-07-11 10:18:41.191947 6 2 242 0 4315637689 2767409192 2767409704 512 1754996539
2024-07-11 10:18:41.226199 6 2 243 0 4315637699 210373119 210381311 8192 798431335
2024-07-11 10:18:41.496422 6 2 244 0 4315637701 1663961206 1663969398 8192 715068782
2024-07-11 10:18:41.543223 6 2 245 0 4315637718 3289066350 3322620782 33554432 3498039141
2024-07-11 10:18:41.609747 6 2 246 0 4315637721 3480161511 2943290599 1610612736 3152844441
2024-07-11 10:18:41.758429 6 2 248 0 4315637726 4286655530 4286753834 229376 268236588
2024-07-11 10:18:41.778939 6 2 251 0 4315637736 933627515 3081111163 2147483648 1835039491
2024-07-11 10:18:41.935363 6 2 252 0 4315637737 3098108762 3131663194 33554432 790821948
2024-07-11 10:18:41.969142 6 2 253 0 4315637748 819072715 2966556363 2147483648 2077868276
2024-07-11 10:18:42.042784 6 2 254 0 4315637750 3305394620 3305396668 2048 999097894
2024-07-11 10:18:42.129733 6 2 255 0 4315637755 4224948238 4224948270 32 2872694310
2024-07-11 10:18:42.150049 6 2 256 0 4315637761 772049494 2919533142 2147483648 3552673367
2024-07-11 10:18:42.210437 6 2 257 0 4315637762 4125232526 4125756814 524288 1751645240
2024-07-11 10:18:42.230319 6 2 258 0 4315637766 3644970298 3644970426 128 3450319246
2024-07-11 10:18:42.250337 6 2 259 0 4315637767 2167732174 2836723662 673185792 2235129580
2024-07-11 10:18:42.270988 6 2 262 0 4315637768 2022257819 2024355483 2097664 2479168258
2024-07-11 10:18:42.291680 6 2 264 0 4315637769 2076969220 2079066372 2097152 3535025202
2024-07-11 10:18:42.312111 6 2 265 0 4315637770 442156050 2589639698 2147483648 1044013426
2024-07-11 10:18:42.332167 6 2 266 0 4315637771 2357775944 2357784136 8192 4068849974
2024-07-11 10:18:42.393042 6 2 267 0 4315637772 1317858240 1319955392 2097152 1087180569
2024-07-11 10:18:42.426986 6 2 268 0 4315637776 2142535728 2142535730 2 2328836939
2024-07-11 10:18:42.446890 6 2 269 0 4315637778 3297940620 3297940652 32 1075329681
2024-07-11 10:18:42.493949 6 2 270 0 4315637779 2382390030 2382523150 133120 1188244045
2024-07-11 10:18:42.513711 6 2 272 0 4315637782 2403855834 2940726746 536870912 3074424970
2024-07-11 10:18:42.533471 6 2 273 0 4315637783 1331136560 1868007600 536871040 2628249343
2024-07-11 10:18:42.580092 6 2 275 0 4315637784 324975771 459193499 134217728 2100385251
2024-07-11 10:18:42.620307 6 2 276 0 4315637787 141440980 141473748 32768 835450398
2024-07-11 10:18:42.680200 6 2 277 0 4315637790 2144915421 2144923613 8192 3672554500
2024-07-11 10:18:42.740916 6 2 278 0 4315637794 3706647333 3740203813 33556480 314031007
2024-07-11 10:18:42.760677 6 2 280 0 4315637798 2607690716 2607723484 32768 2791976909
2024-07-11 10:18:42.800786 6 2 281 0 4315637799 4093770451 4093770459 8 1559784178
2024-07-11 10:18:42.896298 6 2 282 0 4315637801 4193550158 4193550190 32 4210012460
2024-07-11 10:18:42.956868 6 2 283 0 4315637808 3082895276 3082928044 32768 3724250206
2024-07-11 10:18:42.990491 6 2 284 0 4315637812 1196467259 1196467387 128 1420460790
2024-07-11 10:18:43.010531 6 2 285 0 4315637814 3482548650 3483072938 524288 2832424501
2024-07-11 10:18:43.030835 6 2 286 0 4315637815 456166223 464554831 8388608 3321372225
2024-07-11 10:18:43.084298 6 2 287 0 4315637816 3156954387 3156954395 8 4362057
2024-07-11 10:18:43.144359 6 2 288 0 4315637819 2090865540 2090865546 14 3327177077
2024-07-11 10:18:43.157625 6 2 291 0 4315637823 2939190680 2947579288 8388608 389068370
2024-07-11 10:18:43.178607 6 2 292 0 4315637824 2372614421 2372647189 32768 2588699464
2024-07-11 10:18:43.216382 6 2 293 0 4315637825 2120429339 2120953627 524288 1204035561
2024-07-11 10:18:43.241031 6 2 294 0 4315637827 1676060905 1810278633 134217728 105875603
2024-07-11 10:18:43.279385 6 2 295 0 4315637828 2546810618 2548907770 2097152 617101437
2024-07-11 10:18:43.390237 6 2 296 0 4315637830 929333888 929335936 2048 4077470728
2024-07-11 10:18:43.404211 6 2 297 0 4315637837 3070630092 3070630126 34 271078750
2024-07-11 10:18:43.446397 6 2 299 0 4315637838 4042485226 4043009514 524288 1662267983
2024-07-11 10:18:43.544102 6 2 300 0 4315637840 3620481047 3622578199 2097152 2969371682
2024-07-11 10:18:43.717236 6 2 301 0 4315637847 3230359191 3224067735 10485760 603470345
2024-07-11 10:18:43.738503 6 2 303 0 4315637859 252262290 262748058 10485768 2612579682
2024-07-11 10:18:43.856154 6 2 306 0 4315637860 125044912 125208752 163840 3765458669
2024-07-11 10:18:43.924926 6 2 308 0 4315637868 1623863515 1625960667 2097152 1504621665
2024-07-11 10:18:43.993264 6 2 309 0 4315637872 3178021831 3178152903 131072 1696005250
2024-07-11 10:18:44.013503 6 2 310 0 4315637876 1443459408 1451848016 8388608 3535211630
2024-07-11 10:18:44.034397 6 2 311 0 4315637877 2120495037 2120626109 131072 438804364
2024-07-11 10:18:44.084718 6 2 312 0 4315637878 3906229541 3906229669 128 647274016
2024-07-11 10:18:44.132725 6 2 313 0 4315637881 46349471 46349983 512 461624704
2024-07-11 10:18:44.219803 6 2 314 0 4315637884 3274843852 3275368140 524288 4034432431
2024-07-11 10:18:44.253943 6 2 315 0 4315637891 255104192 800494784 545390592 4027240055
2024-07-11 10:18:44.314391 6 2 318 0 4315637893 801247652 801247654 2 2218698652
2024-07-11 10:18:44.334319 6 2 319 0 4315637897 2872315608 2880704216 8388608 3070585561
2024-07-11 10:18:44.354818 6 2 320 0 4315637898 3475588993 3475613569 57344 620919867
2024-07-11 10:18:44.409342 6 2 323 0 4315637899 3949344696 3949377464 32768 3157713148
2024-07-11 10:18:44.543591 6 2 324 0 4315637903 101812253 101820445 8192 689317103
2024-07-11 10:18:44.583517 6 2 325 0 4315637912 3253803603 3253836371 32768 2175227655
2024-07-11 10:18:44.610643 6 2 326 0 4315637914 3166549902 3200104334 33554432 834455959
2024-07-11 10:18:44.632234 6 2 327 0 4315637915 630522047 630563007 40960 2209278870
2024-07-11 10:18:44.646031 6 2 329 0 4315637916 1351864404 1385418836 33554432 3005096096
2024-07-11 10:18:44.694582 6 2 330 0 4315637917 1564529967 1564661039 131072 2284451945
2024-07-11 10:18:44.715146 6 2 331 0 4315637920 539389334 581332374 41943040 2411930130
2024-07-11 10:18:44.803098 6 2 333 0 4315637921 839995410 840519698 524288 1929041115
2024-07-11 10:18:44.870395 6 2 334 0 4315637927 3065274595 3065275107 512 1308904196
2024-07-11 10:18:44.910521 6 2 335 0 4315637931 2366959802 2903830714 536870912 833834057
2024-07-11 10:18:44.950556 6 2 336 0 4315637933 4123535582 4121438430 6291456 793423714
2024-07-11 10:18:44.991283 6 2 338 0 4315637935 1602732575 1604829727 2097152 2725589134
2024-07-11 10:18:45.024816 6 2 339 0 4315637937 3116267333 3116267365 32 2273030320
2024-07-11 10:18:45.071469 6 2 340 0 4315637939 2027299750 2027332518 32768 791722290
2024-07-11 10:18:45.114506 6 2 341 0 4315637942 1087535753 1087535785 32 560033808
2024-07-11 10:18:45.251040 6 2 342 0 4315637944 4235480280 4269042906 33562626 3481294301
2024-07-11 10:18:45.294914 6 2 345 0 4315637951 613427394 605038658 8388736 84269485
2024-07-11 10:18:45.324415 6 2 347 0 4315637953 2751502872 2795543066 44040194 3086420646
2024-07-11 10:18:45.345482 6 2 351 0 4315637954 138429613 138430125 512 1206301692
2024-07-11 10:18:45.415151 6 2 352 0 4315637955 3299091996 3835962908 536870912 1399301841
2024-07-11 10:18:45.455867 6 2 353 0 4315637960 3158350606 3158350638 32 1541818123
2024-07-11 10:18:45.476095 6 2 354 0 4315637963 1910306121 1910306153 32 3643246418
2024-07-11 10:18:45.536737 6 2 355 0 4315637964 1072936432 3220420080 2147483648 4260840803
2024-07-11 10:18:45.558596 6 2 356 0 4315637968 2455241900 2589459628 134217728 1746828175
2024-07-11 10:18:45.582585 6 2 357 0 4315637969 2148106780 2148106782 2 614815253
2024-07-11 10:18:45.649164 6 2 358 0 4315637970 939809071 948197679 8388608 3658453543
2024-07-11 10:18:45.700544 6 2 359 0 4315637974 981826966 3129310614 2147483648 2272666011
2024-07-11 10:18:45.755167 6 2 360 0 4315637977 394547373 396646573 2099200 3859830237
2024-07-11 10:18:45.819159 6 2 362 0 4315637980 2305040698 2170855738 134250496 4196286888
2024-07-11 10:18:45.841163 6 2 364 0 4315637984 3122187127 3122185079 2048 3688783287
2024-07-11 10:18:46.039497 6 2 365 0 4315637985 2527979788 2527979820 32 371564938
2024-07-11 10:18:46.093326 6 2 366 0 4315637997 3905592533 3939147477 33554944 3813735317
2024-07-11 10:18:46.113334 6 2 368 0 4315638000 3408957454 3274742446 134220448 2813384618
2024-07-11 10:18:46.160427 6 2 373 0 4315638001 2569748743 2569756935 8192 1715425469
2024-07-11 10:18:46.180240 6 2 374 0 4315638004 1035256368 1035223600 32768 2777494211
2024-07-11 10:18:46.207039 6 2 375 0 4315638005 755051835 757673403 2621568 2916284286
2024-07-11 10:18:46.227389 6 2 378 0 4315638006 4098917454 4134044750 37224448 2667308193
2024-07-11 10:18:46.247548 6 2 382 0 4315638007 3312274019 3312274027 8 1061508119
2024-07-11 10:18:46.267854 6 2 383 0 4315638008 2665509271 2665510295 1024 3767471012
2024-07-11 10:18:46.305962 6 2 384 0 4315638009 1721647058 1721647066 8 3462589942
2024-07-11 10:18:46.456526 6 2 385 0 4315638011 230756811 767627755 536870944 785562306
2024-07-11 10:18:46.543366 6 2 387 0 4315638021 1092839266 1101752162 8912896 1655905712
2024-07-11 10:18:46.616459 6 2 389 0 4315638027 595888290 59148450 537001984 2059818125
2024-07-11 10:18:46.677967 6 2 391 0 4315638032 2761917239 2795471671 33554432 4098956093
2024-07-11 10:18:46.765048 6 2 392 0 4315638036 3017890988 3152109228 134218240 1186444484
2024-07-11 10:18:46.784927 6 2 394 0 4315638041 3478878583 4015749495 536870912 2573039592
2024-07-11 10:18:46.849795 6 2 395 0 4315638042 2874673964 727321388 2147614720 2554574547
2024-07-11 10:18:46.922939 6 2 397 0 4315638046 3482397674 3482430442 32768 573859570
2024-07-11 10:18:47.000865 6 2 398 0 4315638051 3462546245 3463070533 524288 1067156832
2024-07-11 10:18:47.020662 6 2 399 0 4315638056 3526327182 3660544910 134217728 329928774
2024-07-11 10:18:47.072972 6 2 400 0 4315638057 339036799 372599423 33562624 3200705967
2024-07-11 10:18:47.105897 6 2 402 0 4315638060 3076334999 3076367767 32768 1001178972
2024-07-11 10:18:47.125617 6 2 403 0 4315638062 1063261248 3210744936 2147483688 2254279785
2024-07-11 10:18:47.178880 6 2 406 0 4315638063 1548094308 1550199652 2105344 4081474112
2024-07-11 10:18:47.252749 6 2 408 0 4315638066 1217543716 2828156452 3758096384 1939494196
2024-07-11 10:18:47.272179 6 2 411 0 4315638071 1874535183 1874567951 32768 3873763842
2024-07-11 10:18:47.304656 6 2 412 0 4315638072 3240502199 3265668023 58720256 1014859158
2024-07-11 10:18:47.324117 6 2 415 0 4315638074 3498618574 3532173006 33554432 1628065570
2024-07-11 10:18:47.336932 6 2 416 0 4315638075 1431100811 1431100843 32 4257547621
2024-07-11 10:18:47.376061 6 2 417 0 4315638076 2146607901 2146608029 128 4233858652
2024-07-11 10:18:47.401952 6 2 418 0 4315638078 1619221092 1655396964 36175872 3420011575
2024-07-11 10:18:47.414976 6 2 421 0 4315638079 1984534676 1984535188 512 1402932560
2024-07-11 10:18:47.474694 6 2 422 0 4315638080 2353026499 2353026507 8 4013933168
2024-07-11 10:18:47.519914 6 2 423 0 4315638084 4151937308 4151945500 8192 39574068
2024-07-11 10:18:47.584713 6 2 424 0 4315638087 1328946267 1320557659 25165824 2211516135
2024-07-11 10:18:47.617583 6 2 426 0 4315638091 3944427251 3944460019 32768 3017739145
2024-07-11 10:18:47.675679 6 2 427 0 4315638093 741200018 741200530 512 4119468188
2024-07-11 10:18:47.695031 6 2 428 0 4315638097 931328292 931330340 2048 3837435504
2024-07-11 10:18:47.714795 6 2 429 0 4315638098 414799744 2562283394 2147483650 1891133261
2024-07-11 10:18:47.734462 6 2 431 0 4315638099 2379693752 2379693754 2 3547802252
2024-07-11 10:18:47.781364 6 2 432 0 4315638100 3191270583 3191270071 1536 803638061
2024-07-11 10:18:47.800737 6 2 434 0 4315638103 2490039868 2523594300 33554432 1793424478
2024-07-11 10:18:47.886009 6 2 435 0 4315638104 326357245 325833469 1573376 1270578027
2024-07-11 10:18:47.905344 6 2 438 0 4315638110 2832584113 2832592305 8192 655650688
2024-07-11 10:18:47.957396 6 2 439 0 4315638111 4008163843 4008164011 168 2764150853
2024-07-11 10:18:47.991088 6 2 442 0 4315638114 2156852238 2156852270 32 2045984433
2024-07-11 10:18:48.126460 6 2 443 0 4315638116 2812490743 2813049847 559104 1568326283
2024-07-11 10:18:48.172549 6 2 446 0 4315638125 592888932 727106660 134217728 449743270
2024-07-11 10:18:48.192199 6 2 447 0 4315638128 2310282643 2847153563 536870920 3476115655
2024-07-11 10:18:48.205267 6 2 449 0 4315638129 1279348496 2889961232 3758096384 276913493
2024-07-11 10:18:48.225150 6 2 452 0 4315638130 853848953 3135550329 2281701376 3987485859
2024-07-11 10:18:48.258032 6 2 454 0 4315638131 710677131 710679179 2048 1568356403
2024-07-11 10:18:48.277749 6 2 455 0 4315638133 666720432 2814204080 2147483648 1873633295
2024-07-11 10:18:48.383537 6 2 456 0 4315638134 2711976403 2846194135 134217732 5455631
2024-07-11 10:18:48.457165 6 2 458 0 4315638141 1921172619 1923269675 2097312 2565594877
2024-07-11 10:18:48.477107 6 2 461 0 4315638146 1426127497 1426127529 32 1648379673
2024-07-11 10:18:48.497074 6 2 462 0 4315638147 4023415532 4023415530 6 3539596563
2024-07-11 10:18:48.517046 6 2 464 0 4315638148 4178919000 4187340378 8421378 4019025679
2024-07-11 10:18:48.544015 6 2 467 0 4315638149 1662766281 1671154889 8388608 714316603
2024-07-11 10:18:48.570950 6 2 468 0 4315638150 3082574504 3082705578 131074 1318428346
2024-07-11 10:18:48.592588 6 2 470 0 4315638151 2963663102 2963663614 512 1084869737
2024-07-11 10:18:48.626267 6 2 471 0 4315638152 1398319856 1532537586 134217730 3709446219
2024-07-11 10:18:48.680526 6 2 473 0 4315638154 59077142 195394198 136317056 2939493662
2024-07-11 10:18:48.700573 6 2 477 0 4315638157 534724964 534727012 2048 3814559363
2024-07-11 10:18:48.721120 6 2 478 0 4315638158 1309824164 1318212772 8388608 3660352529
2024-07-11 10:18:48.747847 6 2 479 0 4315638159 2749894424 2749902746 8322 2599490435
2024-07-11 10:18:48.794591 6 2 482 0 4315638160 197822333 734693245 536870912 705182332
2024-07-11 10:18:48.815286 6 2 483 0 4315638163 1564680985 1565205273 524288 751670487
2024-07-11 10:18:48.835308 6 2 484 0 4315638164 2071307197 2071309245 2048 220298102
2024-07-11 10:18:48.855548 6 2 485 0 4315638165 3926756325 3926232037 524288 1570225386
2024-07-11 10:18:48.882322 6 2 486 0 4315638166 3148225868 3148258670 32802 1280622301
2024-07-11 10:18:48.895793 6 2 489 0 4315638168 3696369998 3729924430 33554432 1601985526
2024-07-11 10:18:48.922567 6 2 490 0 4315638169 3555472051 3555504819 32768 3159674872
2024-07-11 10:18:48.949321 6 2 491 0 4315638170 1154013810 1690884722 536870912 1210644342
2024-07-11 10:18:48.969575 6 2 492 0 4315638171 3324567710 3324698782 131072 856061591
2024-07-11 10:18:50.201993 6 2 117398 0 4315650412 2847447847 2863311530 51523981 1934859505
2024-07-11 10:19:11.208718 6 5 117409 0 7533289901 1258155828 1258123060 32768 442099757
2024-07-11 10:19:36.365637 6 6 117410 0 8607031725 694766333 694799101 32768 2278094627
