2024-07-11 10:18:19.596416 7 3 62 0 4315636072 1232592288 1232592256 32 981833101
2024-07-11 10:18:19.837859 7 3 63 0 4315636108 1389538763 1389555147 16384 2577480233
2024-07-11 10:18:19.851424 7 3 64 0 4315636128 103539567 103801711 262144 2469321658
2024-07-11 10:18:19.871026 7 3 65 0 4315636129 2474069889 2474082177 12288 3668670567
2024-07-11 10:18:19.890809 7 3 67 0 4315636131 474916015 475964591 1048576 461644999
2024-07-11 10:18:19.989029 7 3 68 0 4315636132 1608759325 1609021469 262144 2536108701
2024-07-11 10:18:20.021451 7 3 69 0 4315636139 1124071097 1124071353 256 3013553204
2024-07-11 10:18:20.054165 7 3 70 0 4315636141 3892118104 3758096984 134021120 3587325008
2024-07-11 10:18:20.067003 7 3 80 0 4315636143 1880669588 1880735124 65536 2802697359
2024-07-11 10:18:20.099417 7 3 81 0 4315636144 2400048403 4279096595 1879048192 1632833585
2024-07-11 10:18:20.177372 7 3 84 0 4315636147 3792894913 3793746881 851968 839846340
2024-07-11 10:18:20.506055 7 3 87 0 4315636153 1786973862 1786977958 4096 2553326421
2024-07-11 10:18:20.558746 7 3 88 0 4315636179 592814066 55943154 536870912 2395410295
2024-07-11 10:18:20.578826 7 3 89 0 4315636183 4097014442 4097014526 84 2316979179
2024-07-11 10:18:20.638831 7 3 92 0 4315636184 89819903 89820159 256 4247923419
2024-07-11 10:18:20.651731 7 3 93 0 4315636190 1586294480 1586364112 69632 2270794130
2024-07-11 10:18:20.744622 7 3 95 0 4315636191 4205754757 4206803333 1048576 2782373060
2024-07-11 10:18:20.856021 7 3 96 0 4315636198 2146448747 2146448763 16 672339312
2024-07-11 10:18:20.935341 7 3 97 0 4315636207 1393293942 1393556086 262144 4279421757
2024-07-11 10:18:21.965167 7 3 98 0 4315636213 3178010567 4251752391 1073741824 593744239
2024-07-11 10:18:22.293283 7 3 99 0 4315636308 2293072759 2315092855 22020096 2942910190
2024-07-11 10:18:22.386580 7 3 102 0 4315636336 3792351692 3793400268 1048576 506014205
2024-07-11 10:18:22.412814 7 3 103 0 4315636345 2160034609 2164228913 4194304 3523131955
2024-07-11 10:18:22.465542 7 3 104 0 4315636347 1269784399 2142199631 872415232 3463855821
2024-07-11 10:18:22.551374 7 3 107 0 4315636351 1860812379 1860828763 16384 1499048966
2024-07-11 10:18:22.579159 7 3 108 0 4315636357 1716231094 1719376820 3145730 3462853057
2024-07-11 10:18:22.665398 7 3 111 0 4315636360 4217707628 4284816492 67108864 1108606465
2024-07-11 10:18:22.738639 7 3 112 0 4315636366 264367106 264371202 4096 2972066226
2024-07-11 10:18:22.766418 7 3 113 0 4315636372 2935454033 4009195857 1073741824 3429314713
2024-07-11 10:18:22.786543 7 3 114 0 4315636374 1444096301 1444358445 262144 2055659224
2024-07-11 10:18:22.860172 7 3 115 0 4315636375 1852352004 1851827716 524288 3776120233
2024-07-11 10:18:23.026037 7 3 116 0 4315636380 809122884 813317188 4194304 2930302896
2024-07-11 10:18:23.205827 7 3 117 0 4315636395 1197097570 1197097538 32 1682323808
2024-07-11 10:18:23.317878 7 3 118 0 4315636407 3998629226 3998629242 16 1906214539
2024-07-11 10:18:23.338274 7 3 119 0 4315636415 2854234974 3927976798 1073741824 3303132569
2024-07-11 10:18:23.874050 7 3 120 0 4315636416 4289861402 4289861407 5 2052894226
2024-07-11 10:18:23.894016 7 3 122 0 4315636459 101586319 104732063 3145744 1413740495
2024-07-11 10:18:24.610228 7 3 125 0 4315636460 1936190367 1936191391 1024 762419873
2024-07-11 10:18:24.742342 7 3 126 0 4315636523 3001315068 3001315069 1 1227386619
2024-07-11 10:18:24.809575 7 3 127 0 4315636536 3911628531 3911628787 256 2894186355
2024-07-11 10:18:24.863596 7 3 128 0 4315636541 715786496 717097216 1310720 2326516609
2024-07-11 10:18:25.337335 7 3 130 0 4315636545 2797242938 2797242942 4 2970445024
2024-07-11 10:18:26.946309 7 3 131 0 4315636586 2353169605 2353169861 256 2914042675
2024-07-11 10:18:27.607149 7 3 132 0 4315636730 1936723821 1936723837 16 2278910784
2024-07-11 10:18:28.531745 7 3 133 0 4315636787 114119716 130896932 16777216 3648087070
2024-07-11 10:18:29.149159 7 3 134 0 4315636856 850092303 850354447 262144 601006639
2024-07-11 10:18:29.477926 7 3 135 0 4315636901 1239453087 1239518623 65536 13404502
2024-07-11 10:18:29.718003 7 3 136 0 4315636923 2476796691 2480990995 4194304 551340754
2024-07-11 10:18:29.817788 7 3 137 0 4315636941 2260173162 2260173166 4 2057531360
2024-07-11 10:18:30.274243 7 3 138 0 4315636948 3975304414 3975304670 256 949487420
2024-07-11 10:18:30.745928 7 3 139 0 4315636981 3409469223 3476578087 67108864 2836180896
2024-07-11 10:18:30.924411 7 3 140 0 4315637015 3434120398 3434185934 65536 473644661
2024-07-11 10:18:31.371042 7 3 141 0 4315637028 3081424789 3081490325 65536 2020041921
2024-07-11 10:18:31.577976 7 3 142 0 4315637061 1769801014 1769801078 64 109603907
2024-07-11 10:18:32.056432 7 3 143 0 4315637077 2164151605 2180928821 16777216 4057157863
2024-07-11 10:18:32.122736 7 3 144 0 4315637106 3782078366 23981982 3758096384 168124609
2024-07-11 10:18:32.142715 7 3 147 0 4315637110 1193295764 1193287444 8320 3231807533
2024-07-11 10:18:32.196022 7 3 149 0 4315637111 2548177971 2548177975 4 2427559632
2024-07-11 10:18:32.228988 7 3 150 0 4315637114 675366105 675366097 8 2376988230
2024-07-11 10:18:32.268188 7 3 151 0 4315637116 1798836338 2067271794 268435456 1244360283
2024-07-11 10:18:32.295133 7 3 152 0 4315637118 2762292236 3840228381 1077936145 3352739247
2024-07-11 10:18:32.315129 7 3 156 0 4315637119 941149638 941149639 1 3485164833
2024-07-11 10:18:32.350758 7 3 157 0 4315637120 1871571519 2140006975 268435456 1437566930
2024-07-11 10:18:32.384257 7 3 158 0 4315637122 2811033445 2818570053 7536672 542550634
2024-07-11 10:18:32.417739 7 3 164 0 4315637124 3980701998 3980701996 2 585376283
2024-07-11 10:18:32.465936 7 3 165 0 4315637126 4273760506 4290537722 16777216 3367974777
2024-07-11 10:18:32.644234 7 3 166 0 4315637128 1297196630 1297196628 2 3064629817
2024-07-11 10:18:32.663794 7 3 167 0 4315637141 944724612 2018466436 1073741824 2751343201
2024-07-11 10:18:32.835451 7 3 168 0 4315637142 3215153386 4288895210 1073741824 2469308682
2024-07-11 10:18:33.585307 7 3 169 0 4315637155 3186705372 3186706396 1024 744089661
2024-07-11 10:18:33.660654 7 3 170 0 4315637205 833654347 1907396171 1073741824 3343154256
2024-07-11 10:18:33.836618 7 3 171 0 4315637210 1537261375 1537261439 64 2203624718
2024-07-11 10:18:33.957950 7 3 172 0 4315637222 2909248380 2909215612 32768 1850712768
2024-07-11 10:18:34.708213 7 3 173 0 4315637230 1170789266 1170854802 65536 3327994367
2024-07-11 10:18:34.836890 7 3 174 0 4315637277 1131081600 1131147136 65536 3896322981
2024-07-11 10:18:34.853273 7 3 175 0 4315637285 2646651863 2646668247 16384 1858352678
2024-07-11 10:18:35.025882 7 3 176 0 4315637286 658264790 121393878 536870912 4136687416
2024-07-11 10:18:36.072199 7 3 177 0 4315637297 2668554375 521070727 2147483648 1768996034
2024-07-11 10:18:36.113616 7 3 178 0 4315637360 1858058034 2126493490 268435456 2983156150
2024-07-11 10:18:36.182413 7 3 179 0 4315637362 1908494971 1908494975 4 3365529154
2024-07-11 10:18:36.419185 7 3 180 0 4315637366 453403878 453403879 1 3730679925
2024-07-11 10:18:36.625079 7 3 181 0 4315637380 3367822055 3384599271 16777216 4115044852
2024-07-11 10:18:36.645824 7 3 182 0 4315637391 4047702824 4047702840 16 1912250367
2024-07-11 10:18:36.764323 7 3 183 0 4315637392 397784358 397784359 1 1219288855
2024-07-11 10:18:36.939419 7 3 184 0 4315637400 1538667636 1542911092 4243456 1908021128
2024-07-11 10:18:36.975231 7 3 187 0 4315637412 1526970831 1526970847 16 10882123
2024-07-11 10:18:37.224506 7 3 188 0 4315637414 2912677322 2912939466 262144 2084332174
2024-07-11 10:18:37.286802 7 3 189 0 4315637430 452119812 452123908 4096 3272909705
2024-07-11 10:18:37.344655 7 3 190 0 4315637434 1811756578 1811756579 1 924121922
2024-07-11 10:18:37.573399 7 3 191 0 4315637437 508760916 508761940 1024 1180413441
2024-07-11 10:18:37.918892 7 3 192 0 4315637453 3759507861 3759505813 2048 2109999171
2024-07-11 10:18:37.955233 7 3 193 0 4315637475 2356146156 2356150252 4096 2696520817
2024-07-11 10:18:37.977042 7 3 194 0 4315637477 731354132 731354133 1 935663
2024-07-11 10:18:38.014627 7 3 195 0 4315637478 661828427 661828443 16 3353660738
2024-07-11 10:18:38.095468 7 3 196 0 4315637480 3640385121 3640647265 262144 3164109022
2024-07-11 10:18:38.264561 7 3 197 0 4315637485 1817781471 1817773279 8192 1084631816
2024-07-11 10:18:38.397742 7 3 198 0 4315637494 2859137299 2859399443 262144 3252797279
2024-07-11 10:18:38.526166 7 3 199 0 4315637503 2414823278 2415871854 1048576 3877895427
2024-07-11 10:18:38.674230 7 3 200 0 4315637513 213854361 213854353 8 4156466375
2024-07-11 10:18:38.708336 7 3 201 0 4315637524 11898299 11898303 4 3864693354
2024-07-11 10:18:38.762054 7 3 202 0 4315637526 2251151075 2251151331 256 3073579251
2024-07-11 10:18:39.197518 7 3 203 0 4315637529 3773200817 3773198769 2048 503585244
2024-07-11 10:18:39.572599 7 3 204 0 4315637558 4111035740 4112084316 1048576 4071429844
2024-07-11 10:18:39.792365 7 3 205 0 4315637585 2350110483 2618545939 268435456 1643105947
2024-07-11 10:18:39.851045 7 3 206 0 4315637601 225470976 225475072 4096 2508468998
2024-07-11 10:18:39.884273 7 3 207 0 4315637605 863439824 1937181648 1073741824 1714700646
2024-07-11 10:18:39.918408 7 3 208 0 4315637607 435074559 435140095 65536 503686608
2024-07-11 10:18:40.037986 7 3 209 0 4315637609 2791457738 107103178 2684354560 2219375678
2024-07-11 10:18:40.169587 7 3 211 0 4315637617 2431739802 2431731610 8192 99310150
2024-07-11 10:18:40.470179 7 3 212 0 4315637627 164377184 432812640 268435456 2132635042
2024-07-11 10:18:40.680874 7 3 213 0 4315637650 674943917 675009453 65536 2535587760
2024-07-11 10:18:41.001933 7 3 214 0 4315637665 87238944 91433248 4194304 1117551062
2024-07-11 10:18:41.273720 7 3 215 0 4315637686 971490543 837272815 134217728 1208717636
2024-07-11 10:18:41.334223 7 3 216 0 4315637704 129446633 129446889 256 3379248003
2024-07-11 10:18:41.355152 7 3 217 0 4315637708 1243706521 1243706513 8 3071237927
2024-07-11 10:18:41.375572 7 3 218 0 4315637709 4055018757 4055100677 81920 81441982
2024-07-11 10:18:41.476696 7 3 220 0 4315637710 1472363602 1472363603 1 3044588798
2024-07-11 10:18:41.589672 7 3 221 0 4315637717 87281407 91475711 4194304 378334356
2024-07-11 10:18:41.629631 7 3 222 0 4315637725 2463098974 2479876190 16777216 2712000947
2024-07-11 10:18:41.737736 7 3 223 0 4315637727 237057535 234960383 2097152 48470658
2024-07-11 10:18:43.355939 7 3 224 0 4315637735 2818353301 2818353173 128 146108296
2024-07-11 10:18:43.411205 7 3 225 0 4315637835 1807094946 1807094947 1 2331010242
2024-07-11 10:18:43.904495 7 3 226 0 4315637838 1021016749 1021278893 262144 1858788246
2024-07-11 10:18:43.958966 7 3 227 0 4315637871 3942766814 3942766812 2 410475205
2024-07-11 10:18:44.590272 7 3 228 0 4315637874 966200457 966204553 4096 1227168217
2024-07-11 10:18:44.890571 7 3 229 0 4315637914 795730859 796779435 1048576 2760533658
2024-07-11 10:18:44.930562 7 3 230 0 4315637932 2530071971 2531120547 1048576 972389041
2024-07-11 10:18:44.957498 7 3 231 0 4315637934 1847965885 1847982269 16384 1739342350
2024-07-11 10:18:45.849585 7 3 232 0 4315637935 3790637013 3790702549 65536 3875623012
2024-07-11 10:18:46.019029 7 3 233 0 4315637985 2876916526 4219093806 1342177280 4180873164
2024-07-11 10:18:46.435978 7 3 235 0 4315637996 2545500899 2549695203 4194304 4018953715
2024-07-11 10:18:46.697971 7 3 236 0 4315638020 1525579451 1525579515 64 3962013713
2024-07-11 10:18:46.718004 7 3 237 0 4315638037 3014584108 3015632684 1048576 4179948635
2024-07-11 10:18:46.791532 7 3 238 0 4315638038 317562340 317562308 32 2529843087
2024-07-11 10:18:46.968450 7 3 239 0 4315638042 3590507315 3590512435 5120 3886234050
2024-07-11 10:18:47.159055 7 3 241 0 4315638054 1065719817 1065719809 8 1641022206
2024-07-11 10:18:47.356149 7 3 242 0 4315638065 3547411610 3547411482 128 1179878005
2024-07-11 10:18:47.382451 7 3 243 0 4315638077 27193311 27197407 4096 2311961130
2024-07-11 10:18:47.925049 7 3 244 0 4315638078 550934802 550902034 32768 346461920
2024-07-11 10:18:47.963799 7 3 245 0 4315638112 1734977659 1734977663 4 371535175
2024-07-11 10:18:48.053407 7 3 246 0 4315638114 599589814 599589815 1 3948542428
2024-07-11 10:18:48.363749 7 3 247 0 4315638120 799352594 2141529874 1342177280 389536013
2024-07-11 10:18:48.550573 7 3 249 0 4315638140 4273266186 4273331738 65552 1557283033
2024-07-11 10:18:48.646518 7 3 251 0 4315638150 4011239960 4011305496 65536 4194571124
2024-07-11 10:18:48.727914 7 3 252 0 4315638155 2126219904 2147191424 20971520 4257642303
2024-07-11 10:18:48.902305 7 3 254 0 4315638159 4194551315 4194551319 4 2951238519
2024-07-11 10:18:50.222144 7 5 185083 0 6459548085 96874927 633745839 536870912 2825729693
2024-07-11 10:19:11.231615 7 6 185084 0 7533289909 2077033926 1540163014 536870912 954069301
2024-07-11 10:19:36.386032 7 7 185085 0 8607031733 1388280781 1925151693 536870912 968651766
