2024-07-11 10:31:38.010992 4 0 0 0 5378268848 3495715610 3495715098 512 1685423881
2024-07-11 10:31:38.018252 7 1 1 0 5378268850 3325145077 3323047925 2097152 716874535
2024-07-11 10:31:38.025207 0 1 1 0 5378268851 1662713682 1629159250 33554432 1258748852
2024-07-11 10:31:38.031539 1 0 0 0 5378268858 3731369521 3731369520 1 2298131695
2024-07-11 10:32:05.450172 4 1 1 0 6452010672 4156346460 4156346972 512 689967146
2024-07-11 10:32:05.456919 7 2 2 0 6452010674 3439707697 3441804849 2097152 1803402971
2024-07-11 10:32:05.463208 0 2 2 0 6452010675 3495715610 3529270042 33554432 676649037
2024-07-11 10:32:05.470060 1 1 1 0 6452010682 2516311656 2516311657 1 3211239160
2024-07-11 10:32:31.798757 4 2 2 0 7525752496 2771122108 2771121596 512 2194178177
2024-07-11 10:32:31.805541 7 3 3 0 7525752498 3212561669 3210464517 2097152 4005014380
2024-07-11 10:32:31.811757 0 3 3 0 7525752499 4156346460 4122792028 33554432 3893159071
2024-07-11 10:32:31.818957 1 2 2 0 7525752506 1389532667 1389532666 1 4268030307
2024-07-11 10:32:59.015988 4 3 3 0 8599494320 1151706411 1151706923 512 394306035
2024-07-11 10:32:59.023015 7 4 4 0 8599494322 1515372411 1517469563 2097152 830792274
2024-07-11 10:32:59.029246 0 4 4 0 8599494323 2771122108 2804676540 33554432 1683275924
2024-07-11 10:32:59.036459 1 3 3 0 8599494330 1671582418 1671582419 1 3160153136
