2024-07-11 10:30:21.804449 Written ==  Read: [23, 187, 187, 117, 23, 187, 187, 117, 23, 187, 187, 117, 23, 187, 187, 117, 23, 187, 187, 117, 23, 187, 187, 117, 255, 228, 64, 255, 228, 64, 249, 23]
2024-07-11 10:30:28.640666 Written ==  Read: [23, 187, 187, 117, 23, 187, 187, 117, 23, 187, 187, 117, 23, 187, 187, 117, 23, 187, 187, 117, 23, 187, 187, 117, 255, 228, 64, 255, 228, 64, 249, 23]
2024-07-11 10:30:35.576092 Written ==  Read: [23, 187, 187, 117, 23, 187, 187, 117, 23, 187, 187, 117, 23, 187, 187, 117, 23, 187, 187, 117, 23, 187, 187, 117, 255, 228, 64, 255, 228, 64, 249, 23]
2024-07-11 10:30:42.647420 Written ==  Read: [23, 187, 187, 117, 23, 187, 187, 117, 23, 187, 187, 117, 23, 187, 187, 117, 23, 187, 187, 117, 23, 187, 187, 117, 255, 228, 64, 255, 228, 64, 249, 23]
2024-07-11 10:30:49.713759 Written ==  Read: [23, 187, 187, 117, 23, 187, 187, 117, 23, 187, 187, 117, 23, 187, 187, 117, 23, 187, 187, 117, 23, 187, 187, 117, 255, 228, 64, 255, 228, 64, 249, 23]
2024-07-11 10:30:56.775971 Written ==  Read: [23, 187, 187, 117, 23, 187, 187, 117, 23, 187, 187, 117, 23, 187, 187, 117, 23, 187, 187, 117, 23, 187, 187, 117, 255, 228, 64, 255, 228, 64, 249, 23]
2024-07-11 10:31:04.368952 Written ==  Read: [23, 187, 187, 117, 23, 187, 187, 117, 23, 187, 187, 117, 23, 187, 187, 117, 23, 187, 187, 117, 23, 187, 187, 117, 255, 228, 64, 255, 228, 64, 249, 23]
2024-07-11 10:31:11.408086 Written ==  Read: [23, 187, 187, 117, 23, 187, 187, 117, 23, 187, 187, 117, 23, 187, 187, 117, 23, 187, 187, 117, 23, 187, 187, 117, 255, 228, 64, 255, 228, 64, 249, 23]
2024-07-11 10:31:18.711786 Written ==  Read: [23, 187, 187, 117, 23, 187, 187, 117, 23, 187, 187, 117, 23, 187, 187, 117, 23, 187, 187, 117, 23, 187, 187, 117, 255, 228, 64, 255, 228, 64, 249, 23]
2024-07-11 10:31:26.020525 Written ==  Read: [23, 187, 187, 117, 23, 187, 187, 117, 23, 187, 187, 117, 23, 187, 187, 117, 23, 187, 187, 117, 23, 187, 187, 117, 255, 228, 64, 255, 228, 64, 249, 23]
2024-07-11 10:31:33.212339 Written ==  Read: [23, 187, 187, 117, 23, 187, 187, 117, 23, 187, 187, 117, 23, 187, 187, 117, 23, 187, 187, 117, 23, 187, 187, 117, 255, 228, 64, 255, 228, 64, 249, 23]
2024-07-11 10:31:40.414964 Written ==  Read: [23, 187, 187, 117, 23, 187, 187, 117, 23, 187, 187, 117, 23, 187, 187, 117, 23, 187, 187, 117, 23, 187, 187, 117, 255, 228, 64, 255, 228, 64, 249, 23]
2024-07-11 10:31:47.830167 Written ==  Read: [23, 187, 187, 117, 23, 187, 187, 117, 23, 187, 187, 117, 23, 187, 187, 117, 23, 187, 187, 117, 23, 187, 187, 117, 255, 228, 64, 255, 228, 64, 249, 23]
2024-07-11 10:31:55.120928 Written ==  Read: [23, 187, 187, 117, 23, 187, 187, 117, 23, 187, 187, 117, 23, 187, 187, 117, 23, 187, 187, 117, 23, 187, 187, 117, 255, 228, 64, 255, 228, 64, 249, 23]
2024-07-11 10:32:02.369566 Written ==  Read: [23, 187, 187, 117, 23, 187, 187, 117, 23, 187, 187, 117, 23, 187, 187, 117, 23, 187, 187, 117, 23, 187, 187, 117, 255, 228, 64, 255, 228, 64, 249, 23]
2024-07-11 10:32:09.708362 Written ==  Read: [23, 187, 187, 117, 23, 187, 187, 117, 23, 187, 187, 117, 23, 187, 187, 117, 23, 187, 187, 117, 23, 187, 187, 117, 255, 228, 64, 255, 228, 64, 249, 23]
2024-07-11 10:32:17.177322 Written ==  Read: [23, 187, 187, 117, 23, 187, 187, 117, 23, 187, 187, 117, 23, 187, 187, 117, 23, 187, 187, 117, 23, 187, 187, 117, 255, 228, 64, 255, 228, 64, 249, 23]
2024-07-11 10:32:24.581401 Written ==  Read: [23, 187, 187, 117, 23, 187, 187, 117, 23, 187, 187, 117, 23, 187, 187, 117, 23, 187, 187, 117, 23, 187, 187, 117, 255, 228, 64, 255, 228, 64, 249, 23]
2024-07-11 10:32:31.820951 Written ==  Read: [23, 187, 187, 117, 23, 187, 187, 117, 23, 187, 187, 117, 23, 187, 187, 117, 23, 187, 187, 117, 23, 187, 187, 117, 255, 228, 64, 255, 228, 64, 249, 23]
2024-07-11 10:32:39.262038 Written ==  Read: [23, 187, 187, 117, 23, 187, 187, 117, 23, 187, 187, 117, 23, 187, 187, 117, 23, 187, 187, 117, 23, 187, 187, 117, 255, 228, 64, 255, 228, 64, 249, 23]
2024-07-11 10:32:46.482443 Written ==  Read: [23, 187, 187, 117, 23, 187, 187, 117, 23, 187, 187, 117, 23, 187, 187, 117, 23, 187, 187, 117, 23, 187, 187, 117, 255, 228, 64, 255, 228, 64, 249, 23]
2024-07-11 10:32:53.609013 Written ==  Read: [23, 187, 187, 117, 23, 187, 187, 117, 23, 187, 187, 117, 23, 187, 187, 117, 23, 187, 187, 117, 23, 187, 187, 117, 255, 228, 64, 255, 228, 64, 249, 23]
2024-07-11 10:33:00.816274 Written ==  Read: [23, 187, 187, 117, 23, 187, 187, 117, 23, 187, 187, 117, 23, 187, 187, 117, 23, 187, 187, 117, 23, 187, 187, 117, 255, 228, 64, 255, 228, 64, 249, 23]
2024-07-11 10:33:08.031316 Written ==  Read: [23, 187, 187, 117, 23, 187, 187, 117, 23, 187, 187, 117, 23, 187, 187, 117, 23, 187, 187, 117, 23, 187, 187, 117, 255, 228, 64, 255, 228, 64, 249, 23]
2024-07-11 10:33:15.257574 Written ==  Read: [23, 187, 187, 117, 23, 187, 187, 117, 23, 187, 187, 117, 23, 187, 187, 117, 23, 187, 187, 117, 23, 187, 187, 117, 255, 228, 64, 255, 228, 64, 249, 23]
