2024-07-11 10:59:07.974860 4 4 4 0 9673236144 2294760613 2294761125 512 2705963503
2024-07-11 10:59:07.981919 7 5 5 0 9673236146 1951029842 1953126994 2097152 3052516713
2024-07-11 10:59:07.988076 0 5 5 0 9673236147 1151706411 1185260843 33554432 1602196712
2024-07-11 10:59:07.994221 1 4 4 0 9673236154 205808546 205808547 1 2921418897
2024-07-11 10:59:22.695153 4 62 2893 0 71950261936 481539330 481539842 512 110185576
2024-07-11 10:59:22.701408 7 63 3251 0 71950261938 995108729 997205881 2097152 2777780832
2024-07-11 10:59:22.707501 0 63 1199 0 71950261939 3036837781 3070392213 33554432 147087986
2024-07-11 10:59:22.713518 6 10 4505 0 71950261941 963078660 963079684 1024 486856489
2024-07-11 10:59:22.719598 1 62 3643 0 71950261946 3901643226 3901643227 1 2702952186
2024-07-11 10:59:49.303413 4 63 2894 0 73024003760 3788577971 3788578483 512 2157694069
2024-07-11 10:59:49.310054 7 64 3252 0 73024003762 298531664 300628816 2097152 735967301
2024-07-11 10:59:49.316334 0 64 1200 0 73024003763 481539330 515093762 33554432 3681831937
2024-07-11 10:59:49.322614 6 11 4506 0 73024003765 3282188647 3282189671 1024 2308681167
2024-07-11 10:59:49.329362 1 63 3644 0 73024003770 3379619982 3379619983 1 1838300833
2024-07-11 11:00:15.968694 4 64 2895 0 74097745584 2677203409 2677203921 512 3924059484
2024-07-11 11:00:15.975860 7 65 3253 0 74097745586 773657035 775754187 2097152 2310718736
2024-07-11 11:00:15.983678 0 65 1201 0 74097745587 3788577971 3822132403 33554432 3341489878
2024-07-11 11:00:15.991098 6 12 4507 0 74097745589 1059439522 1059440546 1024 4291787449
2024-07-11 11:00:15.998416 1 64 3645 0 74097745594 2060437872 2060437873 1 2295161901
2024-07-11 11:00:43.763760 4 65 2896 0 75171487408 1593155474 1593154962 512 1167492192
2024-07-11 11:00:43.771366 7 66 3254 0 75171487410 1509502493 1507405341 2097152 832351486
2024-07-11 11:00:43.777838 0 66 1202 0 75171487411 2677203409 2643648977 33554432 2847229828
2024-07-11 11:00:43.784063 6 13 4508 0 75171487413 3186310949 3186309925 1024 4260424214
2024-07-11 11:00:43.791108 1 65 3646 0 75171487418 405764815 405764814 1 724048991
2024-07-11 11:01:09.892148 4 66 2897 0 76245229232 2519752437 2519751925 512 4098830217
2024-07-11 11:01:09.898435 7 67 3255 0 76245229234 99572217 97475065 2097152 2478729749
2024-07-11 11:01:09.904722 0 67 1203 0 76245229235 1593155474 1559601042 33554432 4166350387
2024-07-11 11:01:09.911190 6 14 4509 0 76245229237 744537579 744536555 1024 1031873901
2024-07-11 11:01:09.917578 1 66 3647 0 76245229242 1254823983 1254823982 1 2582771967
2024-07-11 11:01:36.548089 4 67 2898 0 77318971056 714446384 714445872 512 617881168
2024-07-11 11:01:36.554687 7 68 3256 0 77318971058 1499661807 1497564655 2097152 1054251148
2024-07-11 11:01:36.562121 0 68 1204 0 77318971059 2519752437 2486198005 33554432 1740526100
2024-07-11 11:01:36.568822 6 15 4510 0 77318971061 1428892768 1428891744 1024 1122009597
2024-07-11 11:01:36.576645 1 67 3648 0 77318971066 1033194187 1033194186 1 3518953427
2024-07-11 11:02:03.784465 4 68 2899 0 78392712880 2457545365 2457544853 512 448802487
2024-07-11 11:02:03.790813 7 69 3257 0 78392712882 2997442915 2995345763 2097152 3195885151
2024-07-11 11:02:03.797125 0 69 1205 0 78392712883 714446384 680891952 33554432 281292205
2024-07-11 11:02:03.803602 6 16 4511 0 78392712885 620123435 620122411 1024 655083694
2024-07-11 11:02:03.809990 1 68 3649 0 78392712890 4056497557 4056497556 1 2267532002
2024-07-11 11:02:30.153020 4 69 2900 0 79466454704 669225595 669225083 512 2770426818
2024-07-11 11:02:30.159158 7 70 3258 0 79466454706 958902953 956805801 2097152 2749683111
2024-07-11 11:02:30.165313 0 70 1206 0 79466454707 2457545365 2423990933 33554432 814234279
2024-07-11 11:02:30.173200 6 17 4512 0 79466454709 1338451190 1338450166 1024 605789483
2024-07-11 11:02:30.180003 1 69 3650 0 79466454714 219410889 219410888 1 97131928
