2024-07-11 11:03:34.437401 4 70 2901 0 80540196528 4028245987 4028245475 512 1509919313
2024-07-11 11:03:34.445603 7 71 3259 0 80540196530 2726181159 2724084007 2097152 150192428
2024-07-11 11:03:34.452963 0 71 1207 0 80540196531 669225595 635671163 33554432 417507729
2024-07-11 11:03:34.461402 6 18 4513 0 80540196533 3761524679 3761523655 1024 951016179
2024-07-11 11:03:34.470506 1 70 3651 0 80540196538 3354922259 3354922258 1 1324807582
2024-07-11 11:03:50.976068 4 72 2903 0 82687680176 118272399 118272911 512 4684637
2024-07-11 11:03:50.982688 7 73 3261 0 82687680178 3407412993 3409510145 2097152 3505038298
2024-07-11 11:03:50.989726 0 73 1209 0 82687680179 2979000346 3012554778 33554432 2167668543
2024-07-11 11:03:50.996227 6 20 4515 0 82687680181 236544799 236545823 1024 3801154350
2024-07-11 11:03:51.002684 1 72 3653 0 82687680186 4018374232 4018374233 1 2886208934
2024-07-11 11:04:17.706538 4 73 2904 0 83761422000 2480867084 2480866572 512 2342970254
2024-07-11 11:04:17.712908 7 74 3262 0 83761422002 4033923864 4031826712 2097152 3206532516
2024-07-11 11:04:17.719160 0 74 1210 0 83761422003 118272399 84717967 33554432 201818869
2024-07-11 11:04:17.725556 6 21 4516 0 83761422005 666766873 666765849 1024 1902127848
2024-07-11 11:04:17.731730 1 73 3654 0 83761422010 4215926659 4215926658 1 152589875
